2032|1|0.0
2030|6|3.17
2029|11|0.91
2028|36|3.33
2027|567|3.24
2026|25363|10.62
2025|62032|10.15
2024|67942|9.97
2023|68766|10.31
2022|70191|9.56
2021|74736|8.15
2020|72205|7.63
2019|64333|7.78
2018|29663|6.59
2017|21468|6.89
2016|17983|8.18
2015|18900|12.29
2014|39942|12.57
2013|42977|12.34
2012|43078|11.86
2011|40573|12.16
2010|36929|12.63
2009|37270|12.47
2008|36122|11.38
2007|33840|11.26
2006|31816|11.43
2005|30047|11.32
2004|25999|12.07
2003|22049|12.91
2002|18670|13.52
2001|17416|12.78
2000|16031|13.31
1999|14426|13.2
1998|13356|13.4
1997|11956|14.23
1996|11411|14.26
1995|11136|14.31
1994|10287|14.42
1993|9869|15.28
1992|9772|14.81
1991|8977|16.1
1990|8821|15.75
1989|8347|17.22
1988|7966|16.59
1987|7751|17.76
1986|7517|17.42
1985|7525|16.75
1984|7121|16.49
1983|6910|21.17
1982|6602|17.39
1981|6300|17.77
1980|6294|17.5
1979|6135|18.09
1978|5998|17.67
1977|5827|17.46
1976|5822|18.34
1975|5934|16.51
1974|5462|18.84
1973|5595|17.77
1972|5625|18.45
1971|5835|18.52
1970|5922|17.24
1969|5543|17.69
1968|5587|17.75
1967|5245|18.08
1966|4879|18.04
1965|5008|16.87
1964|4952|16.94
1963|4581|16.61
1962|4292|17.5
1961|4206|16.82
1960|4168|17.02
1959|3802|17.04
1958|3614|18.17
1957|3497|17.42
1956|3265|16.62
1955|3119|16.88
1954|2962|18.31
1953|2876|18.0
1952|2587|17.56
1951|2370|20.6
1950|2388|18.99
1949|2148|20.18
1948|1958|18.58
1947|1854|19.38
1946|1630|20.32
1945|1422|20.84
1944|1372|20.05
1943|1604|22.08
1942|1715|21.38
1941|1860|19.58
1940|1873|19.19
1939|2166|18.47
1938|2330|18.16
1937|2367|17.05
1936|2406|16.54
1935|2134|17.65
1934|2200|15.93
1933|2267|14.84
1932|2389|14.73
1931|2644|14.09
1930|2505|12.97
1929|2921|9.59
1928|2806|10.84
1927|2788|10.98
1926|2592|11.62
1925|2538|9.52
1924|2341|9.21
1923|2333|8.04
1922|2729|7.7
1921|3308|6.21
1920|3759|5.51
1919|3473|6.06
1918|3496|6.99
1917|4450|5.27
1916|5649|3.22
1915|7106|2.34
1914|7759|2.56
1913|8102|3.61
1912|7053|1.46
1911|5657|1.14
1910|4555|0.87
1909|4254|0.7
1908|3853|0.61
1907|2242|0.61
1906|1603|0.99
1905|1335|0.69
1904|1504|0.58
1903|2219|0.62
1902|1564|0.42
1901|1453|0.46
1900|1623|0.53
1899|1478|0.5
1898|1480|0.71
1897|1102|1.06
1896|686|1.13
1895|84|1.72
1894|81|2.47
1893|7|1.74
1892|9|2.86
1891|9|2.9
1890|2|1.0
1889|1|1.0
1888|5|1.72
1887|1|1.0
1882|2|1.0
1881|21|4.57
1878|30|1.0
